332638587
91390383
56405314
31080039
59949396
50374439
46306646
500042487
19058681
19554706
52551600
41073372
53297035
133880286
33041426
322803070
2176998871
15888142
6427882
15227791
34747631
31676365
24523660
20196258
110827653
250831586
92367751
90420314
38259087
17017636
7041422
430744802
27457788
1070525328
41259253
16941646
23922282
62290422
259392555
27042513
7861312
80700514
284602545
259379883
24447643
17883546
30614676
124335068
20019468
19637934
25913173
20221159
1183041
18002296
24579796
34192959
18953259
26149716
28744383
36528126
26642006
22548403
15437064
46233559
50826280
18396070
50835878
41456486